L = 6.62026581486359
C = 0.0652230469132105
T = 0.008618536097926555
r = -0.2620875824088379
Q = 0.7354621133207412
