L = 6.62026581486359
C = 0.06522304691321053
T = 0.008618536097926555
r = -0.2620875824088379
Q = 0.2852031025107947
